26 28 11
23 24 12
24 24 12
25 24 12
26 24 12
27 24 12
22 25 12
23 25 12
24 25 12
25 25 12
26 25 12
27 25 12
21 26 12
22 26 12
23 26 12
24 26 12
25 26 12
26 26 12
21 27 12
22 27 12
23 27 12
24 27 12
25 27 12
26 27 12
27 27 12
21 28 12
22 28 12
23 28 12
24 28 12
25 28 12
27 28 12
21 29 12
22 29 12
23 29 12
24 29 12
25 29 12
26 29 12
27 29 12
22 30 12
23 30 12
24 30 12
25 30 12
26 30 12
27 30 12
28 30 12
29 30 12
24 31 12
25 31 12
26 31 12
27 31 12
28 31 12
24 32 12
25 32 12
26 32 12
27 32 12
28 32 12
29 32 12
30 32 12
25 33 12
26 33 12
27 33 12
28 33 12
29 33 12
30 33 12
26 34 12
27 34 12
28 34 12
29 34 12
30 34 12
31 34 12
26 35 12
27 35 12
29 35 12
30 35 12
31 35 12
32 35 12
30 36 12
31 36 12
32 36 12
33 38 12
32 39 12
33 39 12
27 21 13
28 21 13
29 21 13
26 22 13
27 22 13
28 22 13
29 22 13
24 23 13
25 23 13
26 23 13
27 23 13
28 23 13
29 23 13
23 24 13
28 24 13
29 24 13
30 24 13
21 25 13
22 25 13
28 25 13
29 25 13
30 25 13
31 25 13
20 26 13
27 26 13
28 26 13
29 26 13
30 26 13
31 26 13
32 26 13
20 27 13
28 27 13
29 27 13
30 27 13
31 27 13
32 27 13
20 28 13
28 28 13
29 28 13
30 28 13
31 28 13
21 29 13
28 29 13
29 29 13
30 29 13
31 29 13
22 30 13
30 30 13
31 30 13
23 31 13
29 31 13
30 31 13
31 31 13
32 31 13
24 32 13
31 32 13
32 32 13
24 33 13
31 33 13
32 33 13
33 33 13
34 33 13
25 34 13
32 34 13
33 34 13
34 34 13
26 35 13
28 35 13
33 35 13
34 35 13
36 35 13
26 36 13
27 36 13
28 36 13
29 36 13
33 36 13
34 36 13
35 36 13
28 37 13
29 37 13
30 37 13
31 37 13
32 37 13
33 37 13
34 37 13
35 37 13
28 38 13
29 38 13
30 38 13
31 38 13
32 38 13
34 38 13
35 38 13
36 38 13
29 39 13
30 39 13
31 39 13
34 39 13
35 39 13
36 39 13
30 40 13
31 40 13
32 40 13
33 40 13
34 40 13
35 40 13
36 40 13
31 41 13
32 41 13
33 41 13
34 41 13
35 41 13
36 41 13
32 42 13
33 42 13
34 42 13
35 42 13
36 42 13
33 43 13
34 43 13
30 18 14
29 19 14
30 19 14
31 19 14
28 20 14
29 20 14
30 20 14
31 20 14
32 20 14
33 20 14
26 21 14
27 21 14
30 21 14
31 21 14
32 21 14
33 21 14
25 22 14
30 22 14
31 22 14
32 22 14
33 22 14
24 23 14
30 23 14
31 23 14
32 23 14
33 23 14
22 24 14
23 24 14
31 24 14
32 24 14
20 25 14
21 25 14
32 25 14
19 26 14
33 26 14
19 27 14
32 27 14
19 28 14
32 28 14
20 29 14
32 29 14
21 30 14
32 30 14
33 30 14
22 31 14
33 31 14
22 32 14
23 32 14
33 32 14
34 32 14
23 33 14
35 33 14
24 34 14
35 34 14
25 35 14
35 35 14
36 35 14
26 36 14
36 36 14
37 36 14
27 37 14
36 37 14
37 37 14
38 37 14
28 38 14
37 38 14
38 38 14
28 39 14
29 39 14
37 39 14
38 39 14
30 40 14
37 40 14
30 41 14
37 41 14
31 42 14
37 42 14
32 43 14
35 43 14
36 43 14
33 44 14
34 44 14
35 44 14
32 17 15
33 17 15
31 18 15
32 18 15
33 18 15
29 19 15
30 19 15
32 19 15
33 19 15
34 19 15
27 20 15
28 20 15
34 20 15
26 21 15
34 21 15
35 21 15
24 22 15
25 22 15
34 22 15
35 22 15
23 23 15
34 23 15
35 23 15
21 24 15
22 24 15
33 24 15
34 24 15
35 24 15
20 25 15
33 25 15
34 25 15
35 25 15
19 26 15
34 26 15
19 27 15
33 27 15
34 27 15
35 27 15
19 28 15
33 28 15
34 28 15
35 28 15
19 29 15
33 29 15
34 29 15
35 29 15
20 30 15
34 30 15
35 30 15
36 30 15
21 31 15
34 31 15
35 31 15
36 31 15
22 32 15
35 32 15
36 32 15
23 33 15
36 33 15
37 33 15
24 34 15
36 34 15
37 34 15
24 35 15
37 35 15
25 36 15
38 36 15
39 36 15
26 37 15
39 37 15
27 38 15
39 38 15
28 39 15
39 39 15
28 40 15
29 40 15
38 40 15
39 40 15
29 41 15
38 41 15
30 42 15
37 42 15
31 43 15
36 43 15
32 44 15
34 44 15
35 44 15
36 44 15
33 45 15
33 16 16
34 16 16
35 16 16
31 17 16
32 17 16
34 17 16
35 17 16
36 17 16
30 18 16
34 18 16
35 18 16
36 18 16
37 18 16
28 19 16
29 19 16
35 19 16
36 19 16
27 20 16
35 20 16
36 20 16
37 20 16
25 21 16
26 21 16
35 21 16
24 22 16
35 22 16
37 22 16
23 23 16
36 23 16
37 23 16
22 24 16
36 24 16
37 24 16
20 25 16
21 25 16
36 25 16
37 25 16
19 26 16
35 26 16
36 26 16
37 26 16
18 27 16
36 27 16
37 27 16
18 28 16
36 28 16
37 28 16
38 28 16
19 29 16
36 29 16
37 29 16
38 29 16
20 30 16
37 30 16
38 30 16
20 31 16
21 31 16
37 31 16
38 31 16
22 32 16
37 32 16
22 33 16
37 33 16
23 34 16
38 34 16
39 34 16
24 35 16
38 35 16
39 35 16
25 36 16
40 36 16
41 36 16
25 37 16
26 37 16
40 37 16
41 37 16
27 38 16
40 38 16
41 38 16
27 39 16
40 39 16
41 39 16
28 40 16
39 40 16
29 41 16
39 41 16
30 42 16
38 42 16
31 43 16
36 43 16
37 43 16
32 44 16
35 44 16
32 45 16
33 45 16
34 45 16
32 16 17
33 16 17
34 16 17
35 16 17
36 16 17
31 17 17
36 17 17
29 18 17
30 18 17
37 18 17
28 19 17
37 19 17
38 19 17
27 20 17
38 20 17
25 21 17
26 21 17
36 21 17
37 21 17
38 21 17
39 21 17
24 22 17
36 22 17
38 22 17
39 22 17
23 23 17
38 23 17
39 23 17
40 23 17
21 24 17
22 24 17
38 24 17
39 24 17
20 25 17
38 25 17
39 25 17
40 25 17
19 26 17
38 26 17
39 26 17
40 26 17
18 27 17
38 27 17
39 27 17
40 27 17
18 28 17
39 28 17
40 28 17
18 29 17
39 29 17
40 29 17
41 29 17
42 29 17
19 30 17
39 30 17
40 30 17
42 30 17
20 31 17
39 31 17
40 31 17
42 31 17
21 32 17
38 32 17
39 32 17
40 32 17
41 32 17
42 32 17
22 33 17
38 33 17
39 33 17
40 33 17
41 33 17
42 33 17
43 33 17
22 34 17
40 34 17
41 34 17
42 34 17
43 34 17
44 34 17
23 35 17
40 35 17
41 35 17
42 35 17
43 35 17
44 35 17
24 36 17
42 36 17
43 36 17
25 37 17
42 37 17
43 37 17
26 38 17
42 38 17
27 39 17
41 39 17
28 40 17
40 40 17
28 41 17
39 41 17
29 42 17
38 42 17
30 43 17
36 43 17
37 43 17
31 44 17
35 44 17
32 45 17
33 45 17
34 45 17
33 15 18
34 15 18
32 16 18
35 16 18
36 16 18
30 17 18
31 17 18
37 17 18
29 18 18
37 18 18
28 19 18
38 19 18
26 20 18
27 20 18
39 20 18
25 21 18
39 21 18
24 22 18
40 22 18
22 23 18
23 23 18
41 23 18
21 24 18
40 24 18
41 24 18
19 25 18
20 25 18
41 25 18
42 25 18
18 26 18
41 26 18
42 26 18
43 26 18
18 27 18
41 27 18
42 27 18
43 27 18
44 27 18
17 28 18
41 28 18
42 28 18
43 28 18
44 28 18
18 29 18
43 29 18
44 29 18
45 29 18
19 30 18
41 30 18
43 30 18
44 30 18
45 30 18
20 31 18
41 31 18
43 31 18
44 31 18
45 31 18
46 31 18
20 32 18
43 32 18
44 32 18
45 32 18
46 32 18
21 33 18
44 33 18
45 33 18
46 33 18
22 34 18
45 34 18
46 34 18
23 35 18
45 35 18
46 35 18
24 36 18
44 36 18
45 36 18
25 37 18
44 37 18
25 38 18
42 38 18
43 38 18
26 39 18
41 39 18
27 40 18
40 40 18
28 41 18
39 41 18
28 42 18
38 42 18
29 43 18
36 43 18
37 43 18
30 44 18
35 44 18
31 45 18
32 45 18
33 45 18
34 45 18
33 15 19
34 15 19
35 15 19
31 16 19
32 16 19
36 16 19
30 17 19
37 17 19
29 18 19
37 18 19
27 19 19
28 19 19
38 19 19
26 20 19
38 20 19
25 21 19
39 21 19
40 21 19
24 22 19
40 22 19
22 23 19
23 23 19
41 23 19
21 24 19
41 24 19
19 25 19
20 25 19
42 25 19
18 26 19
43 26 19
17 27 19
44 27 19
17 28 19
45 28 19
18 29 19
45 29 19
18 30 19
46 30 19
19 31 19
46 31 19
20 32 19
47 32 19
21 33 19
47 33 19
22 34 19
47 34 19
23 35 19
46 35 19
23 36 19
45 36 19
24 37 19
44 37 19
25 38 19
42 38 19
43 38 19
26 39 19
41 39 19
26 40 19
40 40 19
27 41 19
39 41 19
28 42 19
38 42 19
29 43 19
36 43 19
37 43 19
30 44 19
35 44 19
31 45 19
33 45 19
34 45 19
32 46 19
32 15 20
33 15 20
34 15 20
35 15 20
31 16 20
36 16 20
30 17 20
37 17 20
29 18 20
37 18 20
27 19 20
28 19 20
38 19 20
26 20 20
39 20 20
24 21 20
25 21 20
39 21 20
23 22 20
40 22 20
22 23 20
41 23 20
20 24 20
21 24 20
42 24 20
19 25 20
42 25 20
18 26 20
43 26 20
17 27 20
44 27 20
17 28 20
45 28 20
17 29 20
45 29 20
18 30 20
46 30 20
19 31 20
47 31 20
20 32 20
47 32 20
20 33 20
47 33 20
21 34 20
47 34 20
22 35 20
46 35 20
23 36 20
45 36 20
24 37 20
44 37 20
24 38 20
25 38 20
42 38 20
43 38 20
26 39 20
41 39 20
26 40 20
40 40 20
27 41 20
38 41 20
39 41 20
28 42 20
37 42 20
28 43 20
36 43 20
29 44 20
35 44 20
30 45 20
33 45 20
34 45 20
31 46 20
32 46 20
32 15 21
33 15 21
34 15 21
31 16 21
35 16 21
29 17 21
30 17 21
36 17 21
28 18 21
37 18 21
27 19 21
38 19 21
26 20 21
38 20 21
24 21 21
25 21 21
39 21 21
23 22 21
40 22 21
21 23 21
22 23 21
41 23 21
20 24 21
42 24 21
19 25 21
42 25 21
17 26 21
18 26 21
43 26 21
16 27 21
44 27 21
16 28 21
45 28 21
17 29 21
45 29 21
18 30 21
46 30 21
18 31 21
47 31 21
19 32 21
47 32 21
20 33 21
47 33 21
21 34 21
47 34 21
22 35 21
46 35 21
22 36 21
45 36 21
23 37 21
44 37 21
24 38 21
42 38 21
43 38 21
25 39 21
41 39 21
26 40 21
40 40 21
26 41 21
38 41 21
39 41 21
27 42 21
37 42 21
28 43 21
36 43 21
29 44 21
35 44 21
29 45 21
30 45 21
33 45 21
34 45 21
31 46 21
32 46 21
32 15 22
33 15 22
34 15 22
30 16 22
31 16 22
35 16 22
29 17 22
36 17 22
28 18 22
36 18 22
27 19 22
37 19 22
25 20 22
26 20 22
38 20 22
24 21 22
39 21 22
23 22 22
40 22 22
21 23 22
22 23 22
40 23 22
20 24 22
41 24 22
19 25 22
42 25 22
17 26 22
18 26 22
43 26 22
16 27 22
44 27 22
16 28 22
44 28 22
16 29 22
45 29 22
17 30 22
46 30 22
18 31 22
47 31 22
19 32 22
47 32 22
20 33 22
47 33 22
20 34 22
47 34 22
21 35 22
46 35 22
22 36 22
45 36 22
23 37 22
43 37 22
44 37 22
24 38 22
42 38 22
24 39 22
41 39 22
25 40 22
39 40 22
40 40 22
26 41 22
38 41 22
27 42 22
37 42 22
27 43 22
36 43 22
28 44 22
34 44 22
35 44 22
29 45 22
33 45 22
30 46 22
31 46 22
32 46 22
32 15 23
33 15 23
34 15 23
30 16 23
31 16 23
35 16 23
29 17 23
35 17 23
28 18 23
36 18 23
26 19 23
27 19 23
37 19 23
25 20 23
38 20 23
24 21 23
38 21 23
23 22 23
39 22 23
21 23 23
22 23 23
40 23 23
20 24 23
41 24 23
18 25 23
19 25 23
42 25 23
17 26 23
42 26 23
16 27 23
43 27 23
16 28 23
44 28 23
16 29 23
45 29 23
17 30 23
46 30 23
17 31 23
46 31 23
18 32 23
47 32 23
19 33 23
47 33 23
20 34 23
47 34 23
21 35 23
45 35 23
46 35 23
22 36 23
44 36 23
22 37 23
43 37 23
44 37 23
23 38 23
42 38 23
24 39 23
41 39 23
25 40 23
39 40 23
40 40 23
25 41 23
38 41 23
26 42 23
37 42 23
27 43 23
35 43 23
36 43 23
28 44 23
34 44 23
29 45 23
32 45 23
33 45 23
29 46 23
30 46 23
31 46 23
31 15 24
32 15 24
33 15 24
30 16 24
34 16 24
29 17 24
35 17 24
27 18 24
28 18 24
36 18 24
26 19 24
37 19 24
25 20 24
38 20 24
23 21 24
24 21 24
38 21 24
22 22 24
39 22 24
21 23 24
40 23 24
20 24 24
40 24 24
19 25 24
41 25 24
17 26 24
18 26 24
42 26 24
16 27 24
43 27 24
16 28 24
44 28 24
16 29 24
44 29 24
16 30 24
45 30 24
17 31 24
46 31 24
18 32 24
47 32 24
19 33 24
47 33 24
20 34 24
47 34 24
20 35 24
45 35 24
46 35 24
21 36 24
44 36 24
22 37 24
43 37 24
23 38 24
42 38 24
23 39 24
40 39 24
41 39 24
24 40 24
39 40 24
25 41 24
38 41 24
26 42 24
37 42 24
27 43 24
35 43 24
36 43 24
27 44 24
34 44 24
28 45 24
32 45 24
33 45 24
29 46 24
30 46 24
31 46 24
31 15 25
32 15 25
33 15 25
30 16 25
34 16 25
28 17 25
29 17 25
35 17 25
27 18 25
36 18 25
26 19 25
36 19 25
25 20 25
37 20 25
23 21 25
24 21 25
38 21 25
22 22 25
39 22 25
21 23 25
40 23 25
19 24 25
20 24 25
40 24 25
18 25 25
41 25 25
17 26 25
42 26 25
16 27 25
43 27 25
15 28 25
43 28 25
15 29 25
44 29 25
16 30 25
45 30 25
17 31 25
46 31 25
18 32 25
46 32 25
19 33 25
47 33 25
19 34 25
46 34 25
20 35 25
45 35 25
21 36 25
44 36 25
21 37 25
42 37 25
43 37 25
22 38 25
41 38 25
23 39 25
40 39 25
24 40 25
39 40 25
25 41 25
38 41 25
25 42 25
36 42 25
37 42 25
26 43 25
35 43 25
27 44 25
34 44 25
28 45 25
31 45 25
32 45 25
33 45 25
28 46 25
29 46 25
30 46 25
32 15 26
33 15 26
30 16 26
31 16 26
33 16 26
28 17 26
29 17 26
34 17 26
27 18 26
35 18 26
26 19 26
36 19 26
24 20 26
25 20 26
36 20 26
23 21 26
37 21 26
38 21 26
22 22 26
38 22 26
20 23 26
21 23 26
39 23 26
19 24 26
40 24 26
18 25 26
41 25 26
17 26 26
41 26 26
15 27 26
16 27 26
42 27 26
15 28 26
43 28 26
15 29 26
43 29 26
15 30 26
44 30 26
45 30 26
16 31 26
45 31 26
17 32 26
46 32 26
18 33 26
46 33 26
19 34 26
46 34 26
19 35 26
45 35 26
20 36 26
44 36 26
21 37 26
42 37 26
43 37 26
22 38 26
41 38 26
23 39 26
40 39 26
24 40 26
39 40 26
24 41 26
38 41 26
25 42 26
36 42 26
37 42 26
26 43 26
35 43 26
26 44 26
34 44 26
27 45 26
32 45 26
33 45 26
28 46 26
29 46 26
30 46 26
31 46 26
0 54 26
0 55 26
0 56 26
0 57 26
31 15 27
30 16 27
32 16 27
33 16 27
28 17 27
29 17 27
34 17 27
27 18 27
35 18 27
26 19 27
36 19 27
24 20 27
25 20 27
36 20 27
23 21 27
37 21 27
21 22 27
22 22 27
38 22 27
20 23 27
39 23 27
19 24 27
39 24 27
18 25 27
40 25 27
16 26 27
17 26 27
41 26 27
15 27 27
42 27 27
15 28 27
43 28 27
15 29 27
43 29 27
15 30 27
44 30 27
16 31 27
45 31 27
17 32 27
46 32 27
18 33 27
46 33 27
18 34 27
45 34 27
19 35 27
45 35 27
20 36 27
44 36 27
21 37 27
42 37 27
43 37 27
22 38 27
41 38 27
22 39 27
40 39 27
23 40 27
39 40 27
24 41 27
38 41 27
25 42 27
36 42 27
37 42 27
26 43 27
34 43 27
35 43 27
26 44 27
33 44 27
27 45 27
32 45 27
28 46 27
29 46 27
30 46 27
31 46 27
0 52 27
0 53 27
0 54 27
0 55 27
0 56 27
0 57 27
0 58 27
31 15 28
29 16 28
30 16 28
32 16 28
28 17 28
33 17 28
34 17 28
27 18 28
34 18 28
25 19 28
26 19 28
35 19 28
24 20 28
36 20 28
23 21 28
37 21 28
21 22 28
22 22 28
37 22 28
20 23 28
38 23 28
39 23 28
19 24 28
39 24 28
18 25 28
40 25 28
17 26 28
40 26 28
15 27 28
16 27 28
41 27 28
14 28 28
42 28 28
14 29 28
43 29 28
15 30 28
44 30 28
16 31 28
45 31 28
17 32 28
45 32 28
17 33 28
45 33 28
18 34 28
45 34 28
19 35 28
44 35 28
20 36 28
43 36 28
20 37 28
42 37 28
21 38 28
41 38 28
22 39 28
40 39 28
23 40 28
39 40 28
24 41 28
37 41 28
38 41 28
24 42 28
36 42 28
25 43 28
34 43 28
35 43 28
26 44 28
33 44 28
27 45 28
32 45 28
27 46 28
28 46 28
29 46 28
30 46 28
31 46 28
0 51 28
0 52 28
0 53 28
0 54 28
0 55 28
0 56 28
0 57 28
0 58 28
0 59 28
29 16 29
30 16 29
31 16 29
32 16 29
28 17 29
33 17 29
27 18 29
34 18 29
25 19 29
26 19 29
35 19 29
24 20 29
36 20 29
23 21 29
36 21 29
21 22 29
22 22 29
37 22 29
20 23 29
38 23 29
19 24 29
39 24 29
18 25 29
39 25 29
16 26 29
17 26 29
40 26 29
15 27 29
41 27 29
14 28 29
42 28 29
14 29 29
42 29 29
14 30 29
15 30 29
43 30 29
16 31 29
44 31 29
16 32 29
45 32 29
17 33 29
45 33 29
18 34 29
44 34 29
19 35 29
44 35 29
19 36 29
43 36 29
20 37 29
42 37 29
21 38 29
41 38 29
22 39 29
39 39 29
40 39 29
23 40 29
38 40 29
23 41 29
37 41 29
24 42 29
36 42 29
25 43 29
34 43 29
35 43 29
25 44 29
33 44 29
26 45 29
27 45 29
31 45 29
32 45 29
28 46 29
29 46 29
30 46 29
0 51 29
1 51 29
1 52 29
1 53 29
1 54 29
0 55 29
1 55 29
0 56 29
1 56 29
0 57 29
1 57 29
1 58 29
1 59 29
0 2 30
29 16 30
30 16 30
31 16 30
32 16 30
28 17 30
33 17 30
26 18 30
27 18 30
34 18 30
25 19 30
35 19 30
24 20 30
35 20 30
23 21 30
36 21 30
21 22 30
22 22 30
37 22 30
20 23 30
38 23 30
19 24 30
38 24 30
18 25 30
39 25 30
16 26 30
17 26 30
40 26 30
15 27 30
41 27 30
14 28 30
42 28 30
14 29 30
42 29 30
14 30 30
43 30 30
15 31 30
44 31 30
16 32 30
44 32 30
17 33 30
44 33 30
17 34 30
44 34 30
18 35 30
43 35 30
19 36 30
43 36 30
20 37 30
41 37 30
42 37 30
21 38 30
40 38 30
22 39 30
39 39 30
22 40 30
38 40 30
23 41 30
37 41 30
24 42 30
35 42 30
36 42 30
24 43 30
34 43 30
25 44 30
33 44 30
26 45 30
31 45 30
32 45 30
27 46 30
28 46 30
29 46 30
30 46 30
1 51 30
1 52 30
1 53 30
1 54 30
1 55 30
1 56 30
1 57 30
1 58 30
1 59 30
0 1 31
0 2 31
1 2 31
29 16 31
30 16 31
31 16 31
32 16 31
27 17 31
28 17 31
32 17 31
26 18 31
33 18 31
24 19 31
25 19 31
34 19 31
24 20 31
35 20 31
22 21 31
23 21 31
35 21 31
21 22 31
36 22 31
20 23 31
37 23 31
19 24 31
38 24 31
17 25 31
18 25 31
39 25 31
16 26 31
39 26 31
15 27 31
40 27 31
14 28 31
41 28 31
14 29 31
42 29 31
14 30 31
43 30 31
15 31 31
43 31 31
16 32 31
44 32 31
16 33 31
17 33 31
44 33 31
18 34 31
44 34 31
18 35 31
43 35 31
19 36 31
42 36 31
19 37 31
41 37 31
20 38 31
40 38 31
21 39 31
39 39 31
22 40 31
37 40 31
38 40 31
22 41 31
23 41 31
36 41 31
24 42 31
35 42 31
24 43 31
34 43 31
25 44 31
33 44 31
25 45 31
26 45 31
31 45 31
32 45 31
27 46 31
28 46 31
29 46 31
30 46 31
2 53 31
2 55 31
2 56 31
2 57 31
0 1 32
0 2 32
1 2 32
0 3 32
0 13 32
29 16 32
30 16 32
31 16 32
27 17 32
28 17 32
32 17 32
26 18 32
33 18 32
25 19 32
33 19 32
24 20 32
34 20 32
22 21 32
23 21 32
35 21 32
22 22 32
36 22 32
20 23 32
21 23 32
36 23 32
18 24 32
19 24 32
37 24 32
18 25 32
38 25 32
16 26 32
17 26 32
39 26 32
15 27 32
40 27 32
15 28 32
41 28 32
14 29 32
42 29 32
14 30 32
42 30 32
15 31 32
43 31 32
16 32 32
43 32 32
17 33 32
43 33 32
17 34 32
43 34 32
18 35 32
43 35 32
18 36 32
42 36 32
19 37 32
41 37 32
20 38 32
39 38 32
40 38 32
21 39 32
38 39 32
21 40 32
37 40 32
38 40 32
22 41 32
36 41 32
23 42 32
35 42 32
24 43 32
33 43 32
34 43 32
24 44 32
32 44 32
25 45 32
31 45 32
26 46 32
27 46 32
28 46 32
29 46 32
30 46 32
2 50 32
2 51 32
2 52 32
2 53 32
2 54 32
3 54 32
2 55 32
3 55 32
2 56 32
3 56 32
2 57 32
3 57 32
2 58 32
2 59 32
0 1 33
0 2 33
0 3 33
29 16 33
30 16 33
27 17 33
28 17 33
31 17 33
26 18 33
32 18 33
25 19 33
33 19 33
23 20 33
24 20 33
34 20 33
22 21 33
35 21 33
21 22 33
36 22 33
20 23 33
36 23 33
19 24 33
37 24 33
18 25 33
38 25 33
16 26 33
17 26 33
39 26 33
6 27 33
15 27 33
40 27 33
5 28 33
6 28 33
15 28 33
40 28 33
15 29 33
41 29 33
15 30 33
42 30 33
15 31 33
16 31 33
43 31 33
15 32 33
16 32 33
17 32 33
18 32 33
43 32 33
17 33 33
18 33 33
43 33 33
17 34 33
18 34 33
43 34 33
18 35 33
42 35 33
18 36 33
41 36 33
19 37 33
40 37 33
19 38 33
20 38 33
39 38 33
21 39 33
38 39 33
22 40 33
37 40 33
22 41 33
36 41 33
23 42 33
34 42 33
35 42 33
24 43 33
33 43 33
24 44 33
32 44 33
25 45 33
30 45 33
31 45 33
26 46 33
27 46 33
28 46 33
29 46 33
3 52 33
3 53 33
3 54 33
4 54 33
3 55 33
3 56 33
3 57 33
3 58 33
3 59 33
7 3 34
8 3 34
8 4 34
5 15 34
6 15 34
28 16 34
29 16 34
27 17 34
30 17 34
31 17 34
26 18 34
32 18 34
24 19 34
25 19 34
33 19 34
23 20 34
33 20 34
22 21 34
34 21 34
21 22 34
35 22 34
20 23 34
36 23 34
19 24 34
36 24 34
18 25 34
19 25 34
37 25 34
38 25 34
16 26 34
17 26 34
38 26 34
5 27 34
6 27 34
15 27 34
39 27 34
5 28 34
6 28 34
16 28 34
40 28 34
15 29 34
16 29 34
17 29 34
18 29 34
41 29 34
15 30 34
16 30 34
17 30 34
18 30 34
19 30 34
42 30 34
17 31 34
18 31 34
19 31 34
42 31 34
19 32 34
43 32 34
19 33 34
20 33 34
21 33 34
42 33 34
19 34 34
42 34 34
18 35 34
42 35 34
18 36 34
41 36 34
19 37 34
40 37 34
19 38 34
20 38 34
21 38 34
39 38 34
21 39 34
38 39 34
22 40 34
36 40 34
37 40 34
22 41 34
35 41 34
23 42 34
34 42 34
35 42 34
24 43 34
33 43 34
25 44 34
32 44 34
25 45 34
30 45 34
31 45 34
26 46 34
27 46 34
28 46 34
29 46 34
4 54 34
3 55 34
4 55 34
4 56 34
4 57 34
4 58 34
7 2 35
8 2 35
6 3 35
9 3 35
7 4 35
8 4 35
3 11 35
5 15 35
6 15 35
5 16 35
29 16 35
27 17 35
28 17 35
30 17 35
13 18 35
14 18 35
26 18 35
31 18 35
25 19 35
32 19 35
23 20 35
24 20 35
33 20 35
16 21 35
17 21 35
22 21 35
34 21 35
16 22 35
21 22 35
34 22 35
20 23 35
35 23 35
20 24 35
36 24 35
20 25 35
37 25 35
16 26 35
17 26 35
18 26 35
19 26 35
20 26 35
21 26 35
22 26 35
38 26 35
16 27 35
19 27 35
20 27 35
21 27 35
22 27 35
23 27 35
39 27 35
6 28 35
17 28 35
18 28 35
19 28 35
20 28 35
21 28 35
22 28 35
39 28 35
19 29 35
20 29 35
21 29 35
22 29 35
40 29 35
20 30 35
21 30 35
41 30 35
20 31 35
21 31 35
22 31 35
42 31 35
20 32 35
21 32 35
22 32 35
42 32 35
15 33 35
22 33 35
23 33 35
42 33 35
19 34 35
20 34 35
21 34 35
22 34 35
23 34 35
24 34 35
42 34 35
19 35 35
20 35 35
21 35 35
22 35 35
23 35 35
24 35 35
41 35 35
19 36 35
21 36 35
22 36 35
23 36 35
24 36 35
25 36 35
40 36 35
18 37 35
20 37 35
21 37 35
22 37 35
23 37 35
24 37 35
25 37 35
39 37 35
18 38 35
19 38 35
22 38 35
23 38 35
24 38 35
25 38 35
38 38 35
22 39 35
23 39 35
24 39 35
25 39 35
37 39 35
14 40 35
22 40 35
23 40 35
24 40 35
36 40 35
22 41 35
23 41 35
35 41 35
24 42 35
34 42 35
24 43 35
32 43 35
33 43 35
25 44 35
31 44 35
26 45 35
29 45 35
30 45 35
26 46 35
27 46 35
28 46 35
20 52 35
19 53 35
20 53 35
21 53 35
20 54 35
4 55 35
4 56 35
4 57 35
4 58 35
4 59 35
6 2 36
7 2 36
8 2 36
6 3 36
8 3 36
6 4 36
7 4 36
8 4 36
15 4 36
16 4 36
15 5 36
16 5 36
16 6 36
2 11 36
3 11 36
5 15 36
13 17 36
27 17 36
28 17 36
29 17 36
30 17 36
13 18 36
14 18 36
26 18 36
30 18 36
13 19 36
24 19 36
25 19 36
31 19 36
32 19 36
16 20 36
24 20 36
32 20 36
16 21 36
17 21 36
23 21 36
33 21 36
16 22 36
17 22 36
22 22 36
34 22 36
21 23 36
22 23 36
35 23 36
21 24 36
22 24 36
35 24 36
21 25 36
22 25 36
36 25 36
37 25 36
16 26 36
17 26 36
18 26 36
23 26 36
24 26 36
37 26 36
17 27 36
18 27 36
24 27 36
38 27 36
17 28 36
18 28 36
23 28 36
24 28 36
39 28 36
23 29 36
24 29 36
40 29 36
22 30 36
23 30 36
24 30 36
41 30 36
23 31 36
24 31 36
41 31 36
23 32 36
24 32 36
41 32 36
24 33 36
41 33 36
25 34 36
41 34 36
25 35 36
40 35 36
41 35 36
19 36 36
20 36 36
26 36 36
39 36 36
18 37 36
20 37 36
26 37 36
39 37 36
19 38 36
26 38 36
38 38 36
26 39 36
36 39 36
37 39 36
14 40 36
25 40 36
35 40 36
24 41 36
25 41 36
35 41 36
25 42 36
34 42 36
25 43 36
31 43 36
32 43 36
33 43 36
26 44 36
30 44 36
26 45 36
29 45 36
27 46 36
28 46 36
19 52 36
20 52 36
19 53 36
21 53 36
19 54 36
20 54 36
5 57 36
5 58 36
18 63 36
19 63 36
6 2 37
7 2 37
8 2 37
6 3 37
8 3 37
15 3 37
6 4 37
7 4 37
8 4 37
15 4 37
16 4 37
15 5 37
17 5 37
15 6 37
16 6 37
2 11 37
13 17 37
27 17 37
28 17 37
29 17 37
12 18 37
14 18 37
26 18 37
30 18 37
13 19 37
25 19 37
31 19 37
25 20 37
32 20 37
16 21 37
17 21 37
24 21 37
33 21 37
16 22 37
17 22 37
23 22 37
33 22 37
23 23 37
34 23 37
23 24 37
35 24 37
23 25 37
24 25 37
25 25 37
36 25 37
16 26 37
17 26 37
25 26 37
37 26 37
16 27 37
18 27 37
25 27 37
38 27 37
17 28 37
25 28 37
38 28 37
25 29 37
39 29 37
25 30 37
26 30 37
40 30 37
25 31 37
26 31 37
40 31 37
25 32 37
26 32 37
41 32 37
25 33 37
26 33 37
40 33 37
26 34 37
41 34 37
26 35 37
40 35 37
19 36 37
26 36 37
39 36 37
18 37 37
19 37 37
26 37 37
28 37 37
38 37 37
19 38 37
26 38 37
27 38 37
37 38 37
27 39 37
36 39 37
26 40 37
27 40 37
35 40 37
26 41 37
34 41 37
26 42 37
30 42 37
31 42 37
33 42 37
26 43 37
27 43 37
30 43 37
31 43 37
32 43 37
27 44 37
29 44 37
30 44 37
27 45 37
28 45 37
19 52 37
20 52 37
19 53 37
21 53 37
19 54 37
20 54 37
18 63 37
19 63 37
7 2 38
8 2 38
7 3 38
8 3 38
15 3 38
16 3 38
7 4 38
14 4 38
16 4 38
14 5 38
16 5 38
14 6 38
15 6 38
16 6 38
19 13 38
13 18 38
14 18 38
24 18 38
25 18 38
27 18 38
28 18 38
29 18 38
30 18 38
25 19 38
26 19 38
30 19 38
25 20 38
31 20 38
16 21 38
17 21 38
25 21 38
32 21 38
24 22 38
25 22 38
26 22 38
33 22 38
24 23 38
25 23 38
26 23 38
34 23 38
24 24 38
25 24 38
35 24 38
26 25 38
35 25 38
17 26 38
26 26 38
36 26 38
17 27 38
26 27 38
37 27 38
26 28 38
27 28 38
38 28 38
26 29 38
39 29 38
27 30 38
39 30 38
27 31 38
40 31 38
27 32 38
40 32 38
27 33 38
28 33 38
40 33 38
27 34 38
28 34 38
29 34 38
40 34 38
27 35 38
28 35 38
29 35 38
40 35 38
27 36 38
28 36 38
29 36 38
38 36 38
39 36 38
19 37 38
27 37 38
29 37 38
37 37 38
28 38 38
30 38 38
36 38 38
37 38 38
28 39 38
30 39 38
35 39 38
28 40 38
30 40 38
34 40 38
27 41 38
29 41 38
30 41 38
31 41 38
32 41 38
33 41 38
27 42 38
28 42 38
29 42 38
32 42 38
33 42 38
28 43 38
29 43 38
27 44 38
28 44 38
28 45 38
19 52 38
20 52 38
19 53 38
20 53 38
32 53 38
19 54 38
20 54 38
31 54 38
32 54 38
33 54 38
6 55 38
6 56 38
6 57 38
6 58 38
6 59 38
18 63 38
19 63 38
15 3 39
14 4 39
16 4 39
14 5 39
16 5 39
15 6 39
16 6 39
21 9 39
22 9 39
22 10 39
27 11 39
28 11 39
25 13 39
26 13 39
25 14 39
27 19 39
28 19 39
29 19 39
30 19 39
26 20 39
30 20 39
31 20 39
26 21 39
31 21 39
27 22 39
28 22 39
29 22 39
32 22 39
33 22 39
27 23 39
28 23 39
29 23 39
33 23 39
26 24 39
27 24 39
28 24 39
29 24 39
34 24 39
27 25 39
29 25 39
35 25 39
27 26 39
31 26 39
36 26 39
27 27 39
36 27 39
28 28 39
37 28 39
27 29 39
38 29 39
27 30 39
39 30 39
27 31 39
28 31 39
39 31 39
27 32 39
28 32 39
29 32 39
40 32 39
27 33 39
29 33 39
39 33 39
30 34 39
40 34 39
30 35 39
37 35 39
39 35 39
30 36 39
37 36 39
38 36 39
30 37 39
36 37 39
37 37 39
28 38 39
29 38 39
31 38 39
35 38 39
36 38 39
27 39 39
29 39 39
31 39 39
34 39 39
28 40 39
29 40 39
31 40 39
32 40 39
33 40 39
27 41 39
28 41 39
33 41 39
32 42 39
33 42 39
28 43 39
28 44 39
29 46 39
30 46 39
31 53 39
32 53 39
31 54 39
32 54 39
31 55 39
32 55 39
7 56 39
7 57 39
14 4 40
15 4 40
16 4 40
28 4 40
29 4 40
14 5 40
15 5 40
16 5 40
28 5 40
15 6 40
16 6 40
21 9 40
22 9 40
22 10 40
27 11 40
28 11 40
25 12 40
27 12 40
28 12 40
25 13 40
26 13 40
25 14 40
33 16 40
33 17 40
27 19 40
28 19 40
27 20 40
28 20 40
29 20 40
27 21 40
28 21 40
29 21 40
30 21 40
30 22 40
31 22 40
32 22 40
30 23 40
33 23 40
30 24 40
31 24 40
32 24 40
33 24 40
27 25 40
28 25 40
30 25 40
31 25 40
32 25 40
33 25 40
34 25 40
28 26 40
29 26 40
30 26 40
32 26 40
34 26 40
35 26 40
28 27 40
29 27 40
30 27 40
31 27 40
35 27 40
36 27 40
28 28 40
29 28 40
30 28 40
31 28 40
32 28 40
36 28 40
37 28 40
28 29 40
29 29 40
31 29 40
32 29 40
37 29 40
28 30 40
29 30 40
38 30 40
29 31 40
38 31 40
30 32 40
38 32 40
39 32 40
30 33 40
31 33 40
38 33 40
31 34 40
37 34 40
38 34 40
39 34 40
31 35 40
34 35 40
35 35 40
36 35 40
38 35 40
39 35 40
30 36 40
34 36 40
35 36 40
36 36 40
31 37 40
34 37 40
35 37 40
27 38 40
28 38 40
31 38 40
32 38 40
33 38 40
34 38 40
35 38 40
27 39 40
29 39 40
32 39 40
33 39 40
28 40 40
29 40 40
33 42 40
30 45 40
30 46 40
31 53 40
32 53 40
30 54 40
32 54 40
31 55 40
32 55 40
28 4 41
29 4 41
28 5 41
29 5 41
22 9 41
22 10 41
27 11 41
28 11 41
25 13 41
25 14 41
33 16 41
33 17 41
30 22 41
31 22 41
32 22 41
30 23 41
31 23 41
32 23 41
30 24 41
32 26 41
33 26 41
32 27 41
33 27 41
34 27 41
33 28 41
34 28 41
35 28 41
30 29 41
33 29 41
36 29 41
30 30 41
31 30 41
32 30 41
35 30 41
36 30 41
37 30 41
30 31 41
31 31 41
32 31 41
36 31 41
37 31 41
31 32 41
32 32 41
36 32 41
37 32 41
32 33 41
36 33 41
37 33 41
32 34 41
33 34 41
34 34 41
35 34 41
36 34 41
31 35 41
32 35 41
33 35 41
39 35 41
40 35 41
31 36 41
32 36 41
33 36 41
32 37 41
33 37 41
28 38 41
29 38 41
26 39 41
27 39 41
28 39 41
29 39 41
30 39 41
29 40 41
38 44 41
39 44 41
38 45 41
30 53 41
31 53 41
32 53 41
30 54 41
32 54 41
31 55 41
32 55 41
35 57 41
36 57 41
34 60 41
28 3 42
28 4 42
29 4 42
28 5 42
29 5 42
28 11 42
30 22 42
30 23 42
31 23 42
34 29 42
35 29 42
33 30 42
34 30 42
33 31 42
34 31 42
35 31 42
33 32 42
34 32 42
35 32 42
33 33 42
34 33 42
35 33 42
39 35 42
38 44 42
38 45 42
31 53 42
31 54 42
32 54 42
35 57 42
36 57 42
35 58 42
36 58 42
33 59 42
33 60 42
34 60 42
28 4 43
29 4 43
28 5 43
29 5 43
42 16 43
43 16 43
40 26 43
46 26 43
42 34 43
38 44 43
35 57 43
36 57 43
33 60 43
34 60 43
38 4 44
38 5 44
39 5 44
42 16 44
43 16 44
42 17 44
43 17 44
46 22 44
46 23 44
46 26 44
56 41 44
43 0 45
43 1 45
38 4 45
38 5 45
39 5 45
38 6 45
42 16 45
43 16 45
42 17 45
45 22 45
46 22 45
46 23 45
46 26 45
56 40 45
56 41 45
56 42 45
44 55 45
51 57 45
42 0 46
43 0 46
42 1 46
43 1 46
38 5 46
39 5 46
42 16 46
43 16 46
56 40 46
56 41 46
57 41 46
56 42 46
44 54 46
51 56 46
51 57 46
52 57 46
51 58 46
42 0 47
43 0 47
43 1 47
48 10 47
49 10 47
63 13 47
56 34 47
56 35 47
7 39 47
56 40 47
56 41 47
57 41 47
56 42 47
57 42 47
51 56 47
51 57 47
52 57 47
51 58 47
63 1 48
61 8 48
62 8 48
49 10 48
63 13 48
11 24 48
11 25 48
56 34 48
56 35 48
7 38 48
7 39 48
56 41 48
57 41 48
57 42 48
51 57 48
52 57 48
51 58 48
52 58 48
63 1 49
63 2 49
61 8 49
62 8 49
62 9 49
49 10 49
60 19 49
61 19 49
11 24 49
11 25 49
7 38 49
8 38 49
7 39 49
8 39 49
7 40 49
56 41 49
57 41 49
57 42 49
51 57 49
52 57 49
63 1 50
62 7 50
61 8 50
63 8 50
62 9 50
61 19 50
11 24 50
12 24 50
11 25 50
12 25 50
7 38 50
8 38 50
9 38 50
7 39 50
9 39 50
7 40 50
8 40 50
56 41 50
57 41 50
57 42 50
63 1 51
62 8 51
63 8 51
62 9 51
61 19 51
11 24 51
12 24 51
13 24 51
14 24 51
11 25 51
12 25 51
13 25 51
6 38 51
7 38 51
8 38 51
6 39 51
7 39 51
8 39 51
9 39 51
7 40 51
8 40 51
